859329
864899
868599
870489
874189
874209
877869
877969
879819
883479
883519
883599
887139
887339
889149
889249
892769
892829
892989
893009
896409
896709
896809
898479
898679
902059
902139
902379
902419
902499
905679
906079
906279
907809
908109
908209
911349
911449
911769
911829
911989
912009
914949
915449
915749
915849
917139
917539
917739
920639
920759
921159
921239
921479
921519
921599
924219
924819
925219
925419
926469
926969
927269
927369
930069
930549
930649
930969
931029
931189
931209
934189
934689
934989
935089
936399
936799
936999
940059
940459
940539
940779
940819
940899
944159
944559
944759
946329
946629
946729
950049
950369
950429
950589
950609
954129
954429
954529
956259
956459
960039
960279
960319
960399
964099
964299
966189
966289
970029
970189
970209
974069
974169
976119
980019
980099
984039
986049
990009
994009
